1000095817
1000863370
1002252028
1003107757
1003737749
1003804963
1005194854
1005789601
1006367779
100658714
1007653296
1007839183
1009240904
1010243421
1011187005
1013114468
1013253759
1014676378
1015433080
1016155117
1016478806
1017898150
1018416350
1018528568
1020143661
1020776082
102191931
102358420
1023820534
1024261106
1024854292
1024864598
1026041763
1026346031
1027886804
1028242303
1028402488
102855880
1029210789
103017115
1030696966
1030707251
1031582409
1031953783
1032718734
1033416257
1033648742
1034498631
1038240240
1039263020
1043979270
104545780
1045840970
1046061201
1046328697
1048712490
104909058
1049252309
1049420982
1049896683
1049977509
1050879377
105108268
1054037334
105542187
1056331529
1056655725
1056977633
1057427950
1057565048
1058428810
1059220335
1060266184
106053988
1060726918
1062279453
1062455070
1062598008
1062945485
1063087619
1063561263
1065212760
1065505918
1065666581
1065818854
1066733190
106783076
1067835483
1069224517
1069454839
1069615828
1070696531
1073057796
107326829
1073342177
1073827424
1074114256
107626466
1076887865
1079007924
108039754
1080801141
1081471123
1081627410
1082950799
1084638853
1085350085
1085772456
1085879449
1086867793
1086994845
1087655808
1089822974
1090454076
1093436051
1093781429
1094301970
1094907226
1095435634
1095623767
1096669223
1098210828
1100787720
1102517473
110361262
1103829594
1106007883
1107449392
1107477804
110853925
1109676672
1110038376
1110488232
1111323279
1111621872
1112212439
1114555464
1115585254
111594500
1116980079
1119043372
1119384159
1119927406
1121259635
1121760222
1122261050
1122318211
1122980908
1123181772
1126679452
1126734773
1127804690
112898885
1131796987
1133431572
1133560723
113473429
1138529988
1138678174
113954805
1139616925
1140110758
114160554
1141717364
1141762521
1142003969
1142223266
1143829082
1145365069
1145442513
1146412168
1149071097
1149138495
11502155
1150227314
1151097122
1153287375
1154092100
1154649415
1154849624
115610339
1156905184
1159449328
1159799064
1160579082
1161855724
1163376627
1166546469
116783040
1167859628
116810347
1168491348
1169491509
1170413815
1171482105
1172148567
1173228244
1174281929
1174737626
1175106793
1175174240
1175228164
1175638606
1178692885
1178894543
1179175468
1180007327
1180157107
1180199034
1180273482
1180950839
1183603393
1184458846
1185380648
1186037484
1187073627
1187115691
1187930847
1188053420
1188489797
118917087
1189447437
1189891744
1189999674
1190483279
1191345699
1191993111
1192401361
1192667232
1193084531
1193385049
1193831609
1194054918
1194117951
1194590796
1194636378
1195407485
1196887659
1196980624
1197943619
1198042851
1198144921
1198451759
1199462853
1199648695
1199706965
1199754676
1201727921
120332156
1203658866
1203845829
1204211964
1205385008
1207618545
1207904827
1209245464
1212844669
1213761088
1216834750
1217585133
1217921358
1218443587
1219462887
1220107210
1220196807
1221259284
1221263160
1221495919
1221889858
1223322793
1223470343
1223807483
1223951955
1224499509
1225055211
1225950621
1226295462
1226455678
1227247182
1227547733
122760485
1229023641
1229867325
1230097517
1230965652
1231285245
1232885618
1234050890
1234724815
1235027607
1237372600
123737647
1237829308
1240372434
1240429120
1241766476
1243233980
1243728996
124404480
1244739500
1246032585
1246538978
1249533603
1250276564
1250901707
1251514194
1252333013
1252446525
1252488855
1256293759
1256439408
1257231722
1257701484
1258473851
1258515265
1258845068
1259540897
1260876567
1261460115
1261754457
1262515130
1263211906
1263574522
1264119470
1267955173
1268171443
1269002387
1269083547
1269322716
1270106941
1270334254
1270650610
1271072533
1271764945
1272025673
1272710551
1273431509
1275152884
1275756247
1275774027
1275828122
1275941207
1276128901
1276451529
1277445262
1277658258
127774434
1277906176
1279464989
1280065420
1282017994
128327769
1283549203
128363404
1285048360
128569388
1285965326
1286158185
1287155120
1287725295
1288059102
1288414744
1290000442
1293613659
1293958288
1293994125
1294033585
1294088398
1296647050
1298528678
1298543658
1298820311
1299262433
1302725003
1303439901
130443004
1304828205
1304868943
1304980220
1306456749
1306757364
1307074709
1307561818
1309199506
1309436304
1309539262
1310194952
1310280814
1310401211
1311873637
1312123998
1312697699
1315108328
1315552556
1315923045
1317125620
1320028263
1320227241
1320300624
1321337022
1321955152
1324696240
1324743637
1325070188
1325687028
1326169582
1327335840
1328672977
1328835694
1329132536
1331233882
1332035998
1333274567
1333865465
1334932581
133508961
1335741177
133642480
1336564429
1336734779
1337168
133726265
1338082822
1338104165
133815661
133817560
1339737114
1340534949
134096455
1341832343
1343629915
1344223474
1346390492
1352407080
1353199206
1353475587
1353727352
1355981646
1356715413
135820366
1360325112
1360382241
136090113
1360966886
136191324
1362553300
1362859668
1362895044
1363235359
136378572
1364225372
1364759318
1365457558
1365750496
1367773598
13684549
1368491645
1369713163
1369773106
1370857150
137171454
1372316273
1374129635
1374553940
1374699608
137615667
1376269768
1376596818
1378227581
1378531335
1378828649
137937628
1379497360
1379512264
1379844213
1380183787
1380322658
1381792726
1383017375
1383824931
1384644295
1384669036
138636353
1386480019
1386761418
1387493204
1387723384
1391740954
1392234063
1392513562
1392535182
1392711575
1393619322
139592920
1396395076
1396422350
1396525684
1397050571
1397273870
1397440975
1397558132
1399128757
1399863891
1400098478
1400181420
1400479432
1400908292
1401760848
1401824189
1402522031
1402898516
1403376103
1404412274
1405192710
1405468964
1405478669
1407458602
1407917438
1407922247
1408484948
1411643961
1412399001
1412404702
1412780602
1413788759
1414587601
1416178185
1417410681
1418162421
1418347690
1418680207
1418730272
1418918663
1419880486
142060327
1422337003
142245131
1422500917
1423292359
142794847
1428584774
1430014154
1430069146
1430741694
1431009808
1431921139
1432665432
1433581626
1434035498
1435111470
1435590995
1435638392
1436133468
1436255453
1436565080
1437966135
1438059559
1438412956
143856078
1438834156
1438919846
1440389490
1441153973
1441393230
1441500557
1441704765
1441840639
1442572252
1442708041
1444850528
1445059607
144542739
1445813466
144606495
1446209116
1446817454
1447134993
1447598192
1450015939
1450208992
1450875959
1452142839
1452223905
1452622319
1453584936
1453647253
1454525132
1454675708
1454685925
1454708810
1457704236
1459381858
1460849941
146085402
1461708116
146303461
1463947880
146468759
1465260114
1465806857
1466401552
1468529151
1470054389
1470544851
1471805859
1472363528
1474181362
1474216434
1475160945
1475238785
1476627182
1476646917
1477845398
1477903833
1478546438
1480581234
1480586156
1481823238
14821610
1483248612
1484827763
148667467
1487291604
148733231
1489282427
1490023132
1490559095
149062877
1490674985
1491023010
1491060561
1491073928
1491867992
1491991638
1492938944
1493856017
1494312816
149588799
1496066045
1496153738
1496249520
1497042806
1497417910
1497943782
1498834659
1498878277
1499334274
1499639523
1500460673
1503765481
1503846806
1503900897
1504186369
1504469830
1504775755
1505083294
15059016
1508380246
1508587790
1508765995
1510188745
1511393379
1512618718
1512655331
1512725979
1513250444
1513261668
1514229093
1515683308
1515827024
151638962
1516777676
1516897887
1517894475
1519379135
1521668420
1524266506
1525230155
1525475142
1525782481
1526486307
1527358840
1527860050
1528320335
1529139479
1529291665
1529318497
1530816621
1531440209
1531478585
1531707935
1532146056
1532362894
1533079644
1533512390
1534179798
153474013
1535614779
1536804056
1536921784
1539050207
1539467456
1539847122
1540029037
1540610588
1541945387
1542175432
1542275595
1542801953
1543129374
1543274721
1543312455
1543429609
1546000717
1546054286
1546769355
1547825893
1548143285
1548821269
1548849985
1549427158
1550811837
1551479363
1551613607
1551684747
1552041848
1553176972
155349423
1556677488
1558440220
1559881699
1559933665
1560577355
1560768865
1560938846
1560954893
1561135056
1561416350
1562623819
1562675916
1563444905
1563861968
1564661767
1564702713
1565709299
1565833389
1566031483
1566183218
1567088456
1567569320
1568828036
1569802196
1570031155
1571259724
1573898609
157565391
1576038044
1577060564
1578029493
157815008
157828025
1578360054
157908825
1579174823
1579899385
1580101735
1581777393
1582438305
1582739457
1582990965
1584316661
1585697878
1585756832
1586129854
1586220771
158743340
1587680579
1587835962
158784922
1589646107
1591100205
1591664637
1591665289
1592011376
1592624082
1592871842
1593747695
1594426555
1594815359
1595596058
1596070703
1596765048
1596862053
159781783
1598133180
1598362039
1599037372
1599192510
159936909
1600006002
1600328738
1601126726
1601353836
1602755608
1602979515
16030905
1605366424
1605508965
1607382867
160804291
1609468226
1610652434
1611038695
161193043
1612111125
1612144991
1612254884
1612440914
1612624269
1619502032
1620896010
162112829
1621202075
162169070
1622015185
1622133179
162240632
1624170394
1624331776
1624400146
1624618981
1625183499
1625486966
1627411037
1628941902
1629119930
1629475696
1629574956
1629965868
1631249021
1631857584
1632203215
1632415845
1632668691
1632921395
1633047143
1634957053
1635911216
1636397276
1636445520
1638294441
1638455655
1640197399
1640400524
1640499428
1641382915
1642407812
1642799708
1643576149
1646449802
1648250933
1649002521
1649186085
1649367379
1649618166
1651720143
1652678709
1652786682
1656480947
1656908793
1656947482
1657071924
1657480818
1658789732
1660379292
1662027195
1662394766
1664168748
1664992897
1666625013
1669202387
1669573329
1669779858
1669919120
1670212084
1671869516
1672329048
167454432
1674802820
1675322914
1677713396
1679787013
1680367824
1680701794
1681801160
1681954433
168277092
1683340870
1683536521
1683853466
168386576
1684085871
1684406923
1684719311
1685598470
1685704799
1686909921
1686983776
1688789227
1690901668
1691082526
1691332189
1693088340
1693156094
1694595996
1696149036
1696403857
1697540013
1697784088
1698659363
169871851
169935384
1699808800
1699904273
1700175987
170105564
1703211115
1703676099
1703860555
1706955830
1707158442
170910951
1711731527
171187427
17121589
1713808247
1713875108
1715220320
1715936722
1716634009
1716722754
1719258575
171953722
1721288298
1723193136
1726021375
1726884874
1726888937
1728360766
1729495667
1731080594
1731898828
1732454147
1733639294
1735803041
1736215060
1736568173
1737246968
1737950635
1738370505
1738435096
1738545139
1739662766
1740639159
1741213313
1742009793
1742857794
1744200247
1745561694
1747231969
1748310210
1749944005
1751311582
1751703078
1751731594
1752238224
175284345
1753117287
1754542134
1755049882
1756264604
1758202716
1758753194
1759520208
176013203
1760496898
1760553760
1761703895
1761944677
1762090892
1762163778
1762177622
17641801
1764708770
1766188264
1767523893
1768783101
1770136796
1770247204
1771523869
1771914469
177240407
1772509635
1772734393
1773501764
1774663542
177721841
1779924412
1781416908
1782142924
1782279855
1783102832
1783528129
1784882330
1785411223
1785587415
1786177857
178707485
1787747474
1787838504
1788108026
1788280811
1789180477
1790552663
1790739008
1791072359
1791151941
179177197
1792380610
1792500288
1793252341
1794140127
1795198653
1798487163
1798886354
1799685477
1799817149
1799826653
1801012997
1801089928
1801173085
1801741442
1803910019
1804228743
1804530477
1806033815
1806347723
1808237223
1808480950
1809134033
1809965447
1811004665
1811635679
1813789010
1814012308
1814525392
1815318882
1815708608
1815916406
1816010575
1816836988
1819010715
1819160518
1820422641
1821106133
1821146415
1822322730
1826731283
1828491864
1828591100
1828824461
1829101342
183174405
1832750750
1832776677
183490124
1835428943
1836015308
1836094426
1836585481
1837604893
1839131528
1839302746
1839338422
1839502506
1839507649
1840286768
1841152675
1842085274
1843492060
1843981208
1844149602
1845150182
1845325275
1846996077
1847254233
1847452301
1847732622
1848914394
1849704815
1851866443
1852232972
1852667444
1852773252
1853308307
1854118293
185490106
1857392186
1857798400
1858213746
1859276962
1860544725
1861368587
1861955171
1862375701
1862712162
1863934721
186470682
1864709003
1864944520
1865635274
1866012681
1866207994
1866250088
1867065927
1867267443
1868391123
1868938454
1870204840
1871336804
1871406543
1872842175
1873757553
1874670080
1874969278
1875040479
1875049667
1875051313
1875078359
1875271168
1875955897
1876308178
1877115754
1879343163
1880474480
1882272479
1882421317
1882798597
1882832831
188365895
1884044312
1885683121
1886885355
1888078543
1888647934
1888940030
1889119405
1890812098
1891276992
1891639233
1893292546
189344301
1893829221
189438105
1894573201
1895026956
1895446590
1896511504
1896590238
1898493058
19008160
1900912712
1901558341
1902004524
1903137722
1904390687
1904807342
1907929154
1908476746
1909286063
1909330030
1911700184
1912316402
1912413468
1912866182
1913069194
1913208493
1914724924
1915750277
1915826640
1916042062
1916396605
1916515797
1916767629
1919976442
1920357786
1921101672
1921323702
1922563673
1922640077
1922695521
1923346566
1923429916
1927128920
1927365413
1927389484
1928173488
1928960199
1929000271
1930522773
1931195994
1931718260
1932216572
1932516987
1932824697
1933021761
1933135580
1934355724
1935130557
1935204660
1935732798
1936690134
1937610210
1939110876
1939211366
1940298742
1940778513
1941612582
1941626830
194339030
1943750524
1943765750
1946119036
1946330764
1948348181
1949781991
1950399507
195059134
1954612856
1954902971
1955669063
1955816109
1957094154
195752045
19577027
1957928023
1958047008
1958560770
1959529591
1961518076
1961907515
1962291268
1964818869
1964867723
1964934823
1965009356
1965372174
1967526800
1972658133
1973082312
1973897518
1974315639
1974766300
1975536341
1975912405
1977450676
1977928884
1978009892
198021263
198069399
1981635702
1981876965
1982668885
1982726361
1982934418
1984072839
1984696624
198529670
1988430461
1992637327
1992784141
1993931224
1993982263
1994082162
199553360
1995918597
1996918120
1997617251
199841952
1999262046
1999557756
1999579819
2000015748
2000032332
2000091989
2000172597
2000441587
2001261775
2001306558
2001477129
2001882335
200231036
2003312874
2003370700
2006583457
2008602467
2008998883
2009434788
2009966885
2010275202
2010627875
2012876595
2013572686
2015157397
2018987267
2019147904
201918663
2020264527
2022054869
2022603350
2024953831
2025110634
2025779243
2025818758
202688787
2027124721
2028411311
2029451405
202984622
2029951110
2030000300
2030833723
203107708
203127080
2031441504
2031461665
2031989561
2032568072
2035103268
2035358806
2037005130
2038308032
2039730910
2041673605
2041893840
2043212223
2043454851
2043477244
2044004625
2044672268
2044770701
2044996387
2045043718
2045289781
2046057239
2046479245
2046608852
204765233
2047680791
2050081030
2051041497
2051570172
2051723786
2052628477
2052682596
2053303814
205336828
2053414443
2054263441
2054664452
2054849080
2054886456
2054896079
2055162519
2056726196
2056766691
2058031250
2058254342
2058440526
2058604168
2059144710
2059655781
2059876352
2060193391
2062905258
2063013938
2063458001
2063639433
2063725972
2063866806
2065267504
2065513682
2067692405
2068107684
2068942500
207067705
2071162439
2072010385
2072413547
2072859026
207297999
2073343236
2073405648
2073767238
2073851024
2073909835
2074084601
2074215907
2075437940
2076387511
2076512085
2076873579
2076911769
2078115885
2078151134
2078578425
2080068405
2081613212
2082577063
2083355842
2083553217
2084307491
2084845205
2085054642
208668108
2088702113
208905523
2089527780
2090877993
2091660878
2093030321
2093116892
2093554145
2095342847
2095527410
2096991467
2098507574
2099961300
2100159296
2100268732
2100638738
2100975482
2100989129
2102668070
2103287014
2103405882
2104861704
2105521309
210812419
210820991
2108844114
2109179007
2109471030
2111041796
211172294
2112045650
2113048131
2113998756
2114331171
2115236126
2115355036
2118667199
2119157927
2120664782
2121440403
2121813067
2121830222
2122890132
2123031115
2123084365
2123239057
2124442747
212459854
2125347044
2125906687
2126228543
2126689623
2128832425
2129353060
2129839671
2130235731
2130443360
213105314
2132362492
2133475767
2133524528
2134009062
2134838876
2135228201
2135519757
2135644788
2137478238
2138732212
2139061554
2139304720
2140390900
2141348508
2141690617
2142581359
2143141072
2143627231
2144016641
2146051288
2146455860
215077395
215503388
21603029
217731539
219606837
220323810
221097713
222460184
224166367
22486544
224938108
225454575
225522361
226759127
229480719
230800649
230877213
232407506
232625854
233305837
233340256
23404518
234536991
235141647
235551641
235842874
235849228
23597254
238087965
238996752
242015575
242498031
242918075
24371637
243984714
244150053
244472681
245119336
245267065
246385494
246392193
246845901
247460397
247693385
248745782
249464784
250490142
250925077
250955140
25165999
251769690
251775619
254475631
25509890
256985966
260820762
26156547
262147619
263797748
266181860
266487722
271543250
271579124
271876142
27247252
27268213
272752129
273772709
274056213
274969438
275543895
276110155
276155473
276205806
276247115
276347263
276805396
277484028
278998728
279930255
280826875
281040931
283998322
284587884
284819604
284965245
285572227
28578516
288569315
289014001
291466356
292122357
293743758
295453526
296212904
298055293
298942033
299876272
299889531
299967535
301912950
302699650
302792507
30334422
30336909
306886656
30753087
307632054
312235297
312480024
315922380
316038571
31627123
318785677
320113985
320436962
320971940
324743954
324889488
326102012
326257337
326403678
327451136
327556844
328044518
329444499
331095351
331762712
332188515
332945504
333104767
333345428
33462487
33481984
33482705
334854193
335426733
335625515
335855766
336870808
336925758
337313407
338820238
340849991
341703158
341767854
342723257
343075656
34355019
344365932
347160456
347320429
347619983
347888737
348069715
348079553
350235969
350836981
351383655
352185656
353150390
353947692
356485427
356570277
357845720
35897001
360597925
361277268
362822610
364229895
365769893
366421580
366544272
36729674
368174761
368232040
369564035
371718164
371801962
372719255
37334340
374134949
375112173
378019547
378556506
378572691
379759126
380500182
380771123
382701174
384710385
385455963
385731796
386440049
387678802
390128119
390168355
390543045
390670131
393550383
393632168
393853895
394367612
394489167
39530464
395531843
397696185
398640908
398738658
399203362
399261735
400649062
401020360
401878858
402468549
403954976
405945147
406784618
406888758
407610928
407623439
408417510
409107721
409276669
410641035
411987284
41274345
412835641
412908189
412988450
413942684
414484822
414753559
41536621
417752523
418154496
418373660
419772761
421415036
421487875
422083566
422209885
423616389
423709979
424231797
425486238
427026622
428459558
428541836
432635458
433769101
434956915
434959640
435699168
436308633
438524081
439333883
439594317
440954312
441669994
44329462
445176733
445792413
448555099
449916472
450719514
450811443
45222853
452637744
452902743
454969180
455073354
45586408
457025748
457540885
457965334
458043513
459562902
4597258
45985458
459908605
460666026
461398986
461399375
461557751
461809975
462094559
462688550
463521748
463677154
464403581
46503920
465055915
46527787
465319085
466792403
466998833
467541338
468154796
468227156
468316376
46954521
470415419
471076078
471412251
471508056
473815221
474535342
475299286
476424346
476853545
480741924
48116643
481803969
483002035
484049791
484948954
485767766
485793574
485848075
486603217
487423443
487637037
488370772
488675205
48914924
489519527
48958247
490022780
491032793
491752788
491874393
494116229
49450912
494540288
495836423
495978442
496053894
49650240
498330014
499287476
499486008
500027029
500944676
501166361
503130309
503134087
50360246
503611462
503669541
503757254
504038999
505324547
505490948
505589311
506087872
506088759
506829191
507967068
510758834
512170679
514625812
515823349
517624809
517852407
518153110
518214154
518688781
519154816
519200745
520272609
520747680
521651283
522124604
522466571
523403107
525418
525541222
525550050
526271536
526434214
527092382
527668678
528081973
529542076
530867496
532165027
532364360
534333547
534940432
53607326
537720679
537993812
538174494
538186516
539389320
539430350
539855139
54031542
540972703
541151982
542557955
543921219
544805523
545238293
545588925
546178716
54705076
547842362
548350920
549332771
550360344
550555568
550757794
551242862
55169501
551698036
551919449
552141248
552263010
55531569
555538224
555622847
556160254
557004377
55956283
560105191
560380504
561733705
563015737
563460889
564144384
564984634
565311860
565471478
565814922
565916608
566331957
566369255
568200392
568563322
568812522
568845789
569371352
570110577
571138526
571462035
572016455
574993011
57559679
576252134
576444217
577974315
579836970
580483441
580567500
581345656
583255819
583404576
58413872
584996827
585181782
586151658
587753200
589240338
589250459
590402322
591993981
592607978
594428044
595829028
595863099
595978000
597290567
597503439
597762923
59816260
602411072
602453358
603147201
603696175
605153070
606627852
606861592
607522359
607840643
608816641
609031746
60939621
610319131
610522259
6123016
612332795
613876234
614185027
614546005
61509927
615174855
616054813
616392686
617391998
617875224
618098212
619083258
620935615
622279271
623370102
623470297
623632482
624748181
624892431
626068661
626547032
627077733
627704916
628101701
628555914
629525122
629638507
63045894
630746654
63293517
633279145
634177937
634289558
634532381
636002062
637086180
638389254
638821162
63975141
640339449
640535980
643049573
64510772
645181817
645650489
64810551
651452701
651525651
651537508
652605807
652737779
653552756
656826241
657209970
658913849
659229023
659418216
65961544
660662730
660807402
663316716
66370265
664398060
665153663
66522442
666076617
666335562
668143567
66846189
668677556
668762761
670249701
670494563
671755598
673599627
673831149
677139521
677606730
678476976
678862193
681287997
682293799
684346527
685078418
685647365
68651003
68661133
686637708
687195535
687449112
687610197
687783050
687874083
687921997
688309756
688554295
68921624
689232192
689601751
689650363
690634685
690972252
691323279
691329353
691809727
692172782
69280946
693251364
694440846
694494245
694630273
695070749
696015171
697942427
698622542
698877283
700742772
700816249
702390437
702571267
703992004
704344599
705136737
7058415
707342996
708903071
708986972
709063394
709276937
712106863
713042406
713168369
713248002
713942643
714171234
714408976
714995084
715132614
715607859
715851125
715885644
716685260
718573068
718866077
719228393
721634945
72213351
723213177
724077577
727109854
728621669
729146790
730200249
730462648
730990086
731987215
735945902
736218935
738118668
738211984
739033225
739852124
740027382
740243848
740461590
740574872
745163851
746447105
74660856
746762552
74698094
747607276
747625446
74864304
748671842
748676679
749957556
750103266
750210758
751780591
753289645
753768068
754610138
754773591
754849023
7563340
756624680
757225740
759240503
759624339
760143051
760362747
760788351
760859072
761034668
762815283
762869840
764370612
766995376
768736754
768891546
769953891
770183169
771857839
772840876
77364282
775419500
775807070
776674426
776754670
776988151
777620248
778769511
779925512
782001055
782448787
782605828
782675465
782902897
783218038
783600268
783934775
784039909
784682144
78531074
786096659
786868751
788084028
789040490
790257241
790409777
790520259
790797916
791174100
79118715
792097406
792374243
79243682
793829932
798441858
798769967
799432152
800438058
803070158
806003010
806059513
806808106
806981736
807723876
808255910
809698784
811243421
811598309
812350134
81300906
814386118
815144820
816826016
81714780
818810781
820063517
821528935
822993752
825496993
82617682
826565275
827510935
8276982
828743565
831330655
831449242
832815120
832908823
833010740
834976516
835575166
836179018
836275462
836737774
837503175
838009927
839022067
839161616
840274224
840863377
841115614
841156130
841925923
84277812
843160284
843209778
844680940
844880113
845462617
847733705
847877069
847980007
849385625
850544351
852509432
852776362
852825135
853335116
854620419
855643750
855815445
855870442
856526138
856703176
856917176
857855704
858100653
859667666
860202236
860967365
86246782
862492567
862690026
867941279
869775596
870202622
870784701
871318423
871462730
871643462
872095974
873839087
874001832
874319509
875324684
875900546
876227229
877115845
878373143
878463421
87943596
880430539
882413460
883565606
883698488
884348752
885421891
886938188
887839344
888045546
888365710
889909331
891375979
892284912
892765316
894879197
895209771
896232727
89710053
897676192
898215691
899505732
902062399
902199660
904061677
904157230
904638004
90594640
906375048
907750791
908384002
909125353
909270363
910540301
912495911
912982157
914100250
914769331
916600762
916833606
916963336
917309153
919024440
919324252
919650462
920102624
920315839
921721834
9222903
922727721
923805220
92401717
924056855
92595018
926797376
927483199
927670839
928770310
928805327
930412181
931456900
932023495
932523527
932710651
933519431
93385112
935487382
936218835
937088786
937857445
938356692
938535744
939700192
939921723
940061219
940261714
940546208
941281053
941498096
94312206
943347467
943682672
94371424
94491676
945415754
945475308
946319030
94658234
948336767
948862384
952367803
953144760
953238294
95336253
953584409
954241663
954359670
955088280
956138702
956241490
956488047
956643487
956684212
957604099
958985283
959052101
959169788
959365832
95968700
960177457
960951665
961702241
962495867
963517861
965062403
965962831
966389580
966733619
967477215
968469336
969009554
97098784
971264061
971480702
972205728
973008674
973397448
973863586
973990870
974179234
974906118
976660479
976696520
977125707
978738470
978800428
979421160
980040534
980735463
980900604
981149735
981328952
982827654
98454564
984763414
98618432
986257776
986796729
988769822
988870243
9890672
990068940
990552172
990873078
991200628
991592635
992423478
993308646
993811518
994835869
995747267
99608954
996551380
996820191
997667150
998919706
999473703
999647629